1736735
568124
848954
974531
494635
1360557
696496
233598
585594
685685
1138591
226606
546065
1149466
925383
552248
728174
1006546
575235
247565
981078
534536
1093876
758803
916016
1251346
1403836
864723
676176
869744
371657
1253080
904263
1214508
924919
346446
1507836
440230
1240072
574774
1291987
988382
146222
1258671
750951
233751
233471
672195
735051
990928
1331224
399882
141557
1288277
349756
1585438
117934
534890
1132127
1287933
872076
1237518
1797091
1044988
642888
770761
184895
485311
1041629
1138912
778229
839698
1160272
555178
348574
1006384
1197273
570607
532333
1197509
575571
780045
1096157
451417
763265
833120
1255246
1267139
1400516
414350
610799
234823
517443
439480
1024199
1073373
674336
1070019
656412
549135
734487
1793318
1064403
756055
856254
1657101
1025121
1026617
986940
937730
960161
827264
569436
285503
1033398
791722
577327
1387794
906183
459249
650913
1152559
746968
899065
1513267
429368
845563
460454
338481
402752
675965
606602
117072
481172
562180
686834
1623652
763201
410755
391021
1248456
1023866
854918
347142
1187703
1138313
1202708
387676
1383955
623901
1660001
1047309
766546
354830
75142
722502
412216
254902
818848
663227
1258170
630993
585163
882626
1320566
810799
1554695
794984
419816
516823
1511656
199962
371132
1166863
938865
1097009
112828
1017761
1093151
282489
1187371
989534
390714
921161
93378
954363
885420
718185
863499
919812
1338382
1609069
713948
404277
555938
869048
732693
1047972
1317915
618150
971326
1440070
1056923
1161037
356439
449433
644817
1110463
588724
1234920
873839
270454
613914
1199454
810019
846655
938797
811715
1409836
845894
1071951
951844
787532
637987
1018756
1028185
1314487
841286
1637389
1060823
1000788
622330
1258862
1236224
1057144
1671010
435082
459769
544532
549165
939373
557034
164127
425321
727572
1118211
1341567
626868
1150496
355889
521268
207764
406922
724297
787934
1625148
1693208
1899581
709692
1619953
929926
1039068
662729
677501
1465955
983288
1003874
1452697
1123554
546889
1137930
1483726
1186945
1208372
315868
559908
1153770
298138
1120162
320218
934974
763694
1071315
163883
1025420
866463
448771
1336509
203459
438316
698186
1738807
1162259
360547
1153121
1348222
698257
935091
656066
454047
782088
778209
1092873
1268767
449770
683852
585907
741456
936448
1093006
219429
1520186
295013
239213
828200
779823
472820
315795
896641
649357
1022532
798108
1473370
857933
1139141
1741907
318463
1059696
1119243
864621
622038
1734101
1184608
647321
1136053
640452
842802
1222658
822909
1123696
1124909
117905
960751
813393
498325
962228
790029
752174
81626
1041741
939363
295161
1492443
1462112
379444
1277853
144847
568891
66093
1094969
834039
830945
588865
182569
807788
1122172
175846
365048
1149575
533988
1253287
287819
1799761
1103497
795486
1159615
53488
559668
387676
1267585
1372587
586951
488359
1360195
512027
824675
727312
628557
861579
394920
1050865
798581
1075383
576691
196660
857106
617377
1104065
909109
1007443
1129474
1297160
1332973
1126458
112931
888921
874843
632181
341026
830333
1665726
1360060
488400
1333138
852076
834494
1343295
553140
1396031
766273
1119215
53656
323014
333833
764249
971192
478660
328379
1284225
944364
692108
1228691
892631
1266306
475176
941916
553742
875862
766235
1225848
802889
1010918
930084
338593
482697
697584
800974
461123
1180636
974132
725456
739586
1015964
559236
382229
1603887
981370
737922
521013
591496
713703
686307
1179142
939061
349698
735455
840451
516778
583221
1204684
529647
860147
768256
1390671
233556
1176846
772001
367912
675033
506206
370588
1197216
559863
962977
428625
655406
421692
942783
1795760
1008350
415616
1052429
711448
977614
738455
1307206
504567
396441
583228
1086458
367067
1541249
1450806
1546747
848045
1260478
499084
147461
740293
872978
865963
487891
1198043
1604489
1002779
147661
1602400
870224
1470489
1213174
290356
1458347
285159
1325030
1332223
620433
1104258
804519
844443
874681
1082587
691461
603026
502729
618949
994084
1385942
1399996
1381979
534953
628549
567501
574570
767786
816886
1140488
604781
1139976
1085855
864999
513888
970304
1716709
590727
346836
577095
814706
874926
1500883
951675
1362958
218467
787293
744353
949087
761959
1084411
838507
423457
897873
668126
924139
931566
166026
161637
716278
1056802
958517
719742
665389
708361
1360563
688613
729046
164826
694045
804103
1485552
557274
428672
446848
1179504
217296
1368050
1111134
652642
622659
546056
768887
225946
875299
1284026
203176
540505
1397374
641299
1295697
913308
222688
546459
1577833
174866
1504389
442462
813980
1072014
970872
501198
667216
246589
912076
596435
813124
627737
530132
925929
452666
1739306
480509
1686146
1602448
1589872
383502
223676
512829
610941
1044398
71238
1140973
1020798
385676
399321
1237477
610454
336217
1161960
892197
798770
698913
657639
608717
1003303
417817
585368
901833
818541
1081025
1375929
985456
614604
1178016
1027757
840637
991637
176776
730971
889980
913644
835735
1066528
739081
1327856
317530
701800
747492
331308
683470
1037517
499096
1096652
571332
100401
357605
271182
694201
699347
1665749
896298
650933
1533238
1158115
590402
221978
912498
957294
1669969
657763
1426554
590710
450538
1431217
1254606
639289
288157
865365
812532
960655
638988
501428
389060
510638
971714
922280
812107
1645166
1056249
1177536
407438
898816
1465761
1458012
116175
435297
554268
948970
205822
386006
915659
1056007
1488965
1192187
1130921
1479474
527833
702744
226020
927163
335477
255743
712570
627929
1622486
826867
539093
932532
929794
656737
409156
152436
241563
396109
430166
1476009
302329
686027
1252216
1106236
489036
327410
1132183
572100
495903
597238
1006382
863537
1484125
747212
1107340
1403530
659126
337280
815313
1091541
921354
656428
988263
1166311
1046554
390028
430599
896039
1170546
535355
643255
893410
403602
626129
270160
358215
814780
210248
1039335
731988
478752
1192630
831951
540848
1813207
1453356
985663
545651
1509597
372844
1087350
934648
1049553
1306446
742866
1423445
256787
928016
967950
1221157
1309226
439136
837926
968682
901253
1398078
573106
645109
803702
532232
851408
812360
436984
1772789
477324
1493388
734813
221899
387232
379849
1358858
627677
652469
1374650
663858
916976
1611112
487708
1136142
908529
784813
389512
816282
307944
1179841
854893
541402
975895
1218099
967299
562562
330617
852003
838730
860147
1395238
377434
898536
924454
1410489
835313
1212687
214110
356366
241314
1059218
1196778
649196
399340
1606163
890781
227065
577823
866815
1200495
1724252
967966
1097435
761558
844168
485167
951864
884525
1378107
744727
720461
805037
512435
1329947
1245088
414253
1090326
971257
688442
703238
629690
706815
761265
1760118
1208777
606689
960334
669070
880951
1007509
475672
725455
86178
991914
1070845
708180
915743
1262182
1219388
768220
707361
498587
1028497
903910
1243495
78437
1058956
498566
946571
469251
1654778
1085796
46116
307586
1027445
518096
1288509
559796
1170843
583234
488041
1460492
673516
279236
566698
762463
1065379
867296
811355
552335
381285
1319395
1098858
1148052
722644
497344
349664
1449621
1130549
500609
1183656
607008
412110
455588
1448685
1176078
605742
583291
698607
586394
1187987
1270774
1082469
1782783
374518
1046026
556870
1763664
1210955
960433
623178
1066053
1510687
902050
553187
436514
1113958
652624
972612
359739
768687
1290733
888659
570884
1080032
1271401
928621
756193
1105075
297381
58994
545363
