1000
901981
937953
125509
879671
573924
308456
67688
191980
241070
669732
210239
92679
831815
190588
642475
141468
7551
488076
6506
2037
693315
936374
397122
565325
317738
435183
182384
78929
450751
51098
127915
54585
315656
327358
103849
154387
43743
664095
18925
2665
292356
933845
115216
264750
30380
216519
6112
3975
85771
505093
50805
79765
511084
772238
394372
250568
373453
756002
242513
335012
403138
310297
376715
187610
204256
604052
119890
164500
464396
590716
328460
184502
530874
347073
351346
482240
739169
18426
738255
510944
52351
960754
8571
11753
823691
252989
598732
767103
224085
910816
57108
208002
796792
240441
772181
303041
110100
874601
12127
29288
351793
918961
66790
304411
695885
935152
372416
550670
218224
752398
35313
77012
208264
602518
188660
154210
980094
304108
459800
105836
115971
278332
50152
43173
607618
712549
374032
300673
553068
626219
335216
492876
888263
896665
839662
619021
774948
629962
742620
512319
323815
187195
40696
118555
767700
761494
591946
197112
227549
228023
77223
165668
716334
574395
577079
88598
707735
384547
5917
184310
948993
991646
654489
943156
221001
853607
168273
138954
13345
135349
6741
9076
826723
532412
710695
15564
593613
401572
265302
84077
397129
22610
160378
50763
181167
150732
32673
50066
711053
170195
261389
240611
89979
658604
39775
63736
671406
430832
107780
452316
633260
796545
239677
492164
571692
113330
20022
266530
268004
2460
60675
78422
993407
620151
655293
12833
174063
204150
38686
163834
963089
744695
941057
144378
93573
30738
26052
61144
988046
440552
944280
937474
670135
766034
250242
115851
988864
397713
318511
768997
966709
540826
656840
945328
990527
449424
603224
184870
919751
920880
672613
290678
741189
715957
726024
427323
55744
599024
35139
8725
534999
303116
191162
276483
542180
42843
80978
61074
108390
420993
17310
47008
317037
776944
186439
182950
973214
555892
546850
816558
461462
458892
231934
87403
6839
834864
3209
1625
784130
508115
472161
443942
527783
518559
2881
33738
342874
31166
135177
182231
384883
625087
132486
255983
869124
660879
413899
122495
403894
364412
229622
371971
779762
1775
766950
262016
593091
798150
99982
299377
423685
530202
36472
8897
268109
576518
23024
180503
656623
648883
560209
305763
160097
318824
108387
79214
906646
252842
128209
382214
566807
344332
495661
149165
925472
816362
332599
106285
615879
684169
137515
445455
990296
489782
528329
541529
160560
267364
31822
142312
87330
540463
31910
72414
166302
71344
155162
13963
574931
244333
50935
222175
110025
374288
51710
103148
401966
908224
312651
375306
715128
363092
180416
529865
370262
570509
51017
52810
167038
929579
105472
88164
9055
651321
4433
8586
245756
514875
15377
18883
464083
618853
377792
434740
868752
981037
225333
586948
371321
740148
239621
84634
267001
512997
1229
241829
279339
684687
231641
155470
674726
999907
226912
430282
614688
509404
364150
151567
65056
988739
23849
14029
851870
349132
298709
767223
596496
682191
555672
381781
14467
948231
11100
830
563439
426586
216397
184281
779675
428777
83415
57244
201538
187885
131961
173497
829274
434281
335226
724205
232712
708310
176556
205456
502323
76788
335550
164989
739822
753435
243994
601291
321442
735707
10117
160359
563754
284770
428559
524470
740602
17562
321889
525964
730297
762602
223954
166003
456416
694686
422505
438045
564574
452051
97256
349758
917814
671978
289801
551488
229539
199858
65805
163705
156001
703741
4398
137424
675678
148245
26374
285835
406278
39475
334036
179514
110927
343335
28861
30556
333153
540975
66947
68043
547444
255850
73645
277107
6390
112056
2303
2713
178100
344922
136495
83455
74458
547483
72638
61581
26499
668609
24047
10726
846874
972105
304593
346954
797276
33988
629263
99950
214079
307810
169107
156106
483965
240161
361076
455994
823985
695059
640510
454063
846376
586248
411585
843549
792658
146754
424924
452228
25310
336012
8325
2805
771922
840025
230153
117525
904197
941911
144791
51611
522296
681133
217121
304454
124931
345149
40486
2041
716764
684425
76360
623170
56113
580610
18717
24574
759533
944638
64919
650444
693799
414728
358623
273958
830204
434128
226083
106335
187195
230419
76279
48132
36458
43364
11407
29731
190637
552600
109552
101820
315506
162555
122549
127112
61386
203435
1952
49515
264028
581091
183022
54735
270368
402849
108467
171891
496168
860439
358830
38901
274007
499572
83410
48011
144912
443715
63206
78242
852068
417018
711973
526555
525918
872855
14162
433549
251759
596619
20799
193381
781027
776291
120977
657427
529619
347911
349977
97096
40046
389146
21486
27936
809406
81021
712182
470828
957534
793872
295057
422727
30216
174354
6688
18920
800441
21954
46782
302396
961767
345187
713944
387914
640378
718007
433376
626522
712121
421607
45337
630065
80702
34030
32814
45984
188070
943461
186162
115678
698938
760537
510112
555150
290584
165834
186190
278323
595127
648971
430919
107481
301722
758557
196233
176234
329240
175754
137753
305767
242649
796365
60386
64410
54396
79485
43943
50956
679838
743606
508769
640150
985481
84945
556767
613720
47778
701203
14717
2265
310908
839302
16338
7859
622036
383127
127727
408958
477991
938525
14157
385700
848525
836866
387866
536981
118959
655782
71792
107960
120419
390273
2165
11839
563224
273614
115494
166830
667492
250539
210219
408290
495183
297648
284496
150549
737779
483533
692107
219012
873454
808043
504441
5431
338364
506918
334759
230737
52825
931584
13698
52210
698399
854580
684942
126366
528257
922606
414828
507369
571186
620516
326755
213766
203429
209055
27197
120187
499557
57066
330626
276121
785154
196583
242393
205841
835199
837822
38456
234185
446795
240549
299075
246340
991411
742196
937730
552368
741223
243722
334467
517862
63382
248530
45882
58958
508984
472217
492214
384057
623576
753843
524280
277261
246447
685963
135363
233475
549957
627441
61529
157685
203517
821380
29196
88221
708149
401924
310451
696056
467611
999665
175454
349597
822768
34994
421381
389519
538145
694155
393194
305300
189759
780051
37208
134585
352309
456762
147654
226194
71612
569550
21764
46673
725713
623714
725339
331045
536662
867052
48827
112306
444594
915627
235102
255226
294015
613340
284860
75224
873871
960738
693395
377696
441282
798195
266998
352938
557224
633770
426697
320733
200325
513267
127419
164168
777291
805723
677153
424290
494821
960903
243073
32248
604385
513156
603690
61092
814125
912909
161321
708828
276647
180350
187151
111411
508604
138145
71064
250560
391360
184777
267105
92650
384153
222951
164879
161335
460045
623510
407105
197122
115636
456558
101577
29219
42822
123841
12498
32860
468529
134251
374158
271830
253601
524981
74934
127657
289543
844289
19341
285823
982818
825508
163560
352499
942469
258571
163751
204546
863509
302105
195957
652434
285699
92603
186365
121747
353891
232108
132499
286123
68208
148644
24869
52427
65269
362947
23017
63546
789924
515152
186138
23007
667783
323842
348484
522990
835897
992871
445205
594312
969304
748274
827069
166605
964605
935761
601530
363860
759204
208785
741006
276495
668473
980467
205140
434346
334658
652113
180224
211279
707269
901362
53983
83723
104293
622009
101644
66222
210601
486943
109313
121331
775050
785949
199002
481004
736278
369951
492754
120583
123465
902221
45515
56138
896260
976576
753966
562433
760569
693830
449220
642194
131720
417573
57196
72120
206882
977272
163409
89697
956683
743545
298500
441681
764704
524704
167217
495024
477597
747550
377038
83784
237395
83228
144989
97161
354914
375636
222864
302692
342726
838095
130168
185507
640696
206831
6449
84858
428808
822778
27067
270317
74589
278433
46654
60739
99088
898795
7129
29050
865729
120122
861551
226335
396056
773967
248346
49002
127890
66252
24235
73396
649399
699915
545773
427520
867055
49308
215094
701861
392342
61438
274370
122981
788698
801482
439651
602718
187838
29219
117534
83902
223465
332368
150347
190635
109847
589529
79982
28675
798670
943029
600591
200971
265421
995471
75955
90833
676938
78557
668801
403085
408039
756599
206095
190427
964563
628840
583876
625868
571652
157477
53526
548998
524673
865274
514330
465199
660768
205691
522085
349076
206172
368106
62585
23356
467248
385593
246274
150221
504347
390030
66807
321372
386828
714264
257224
121385
603629
766308
446430
56029
928786
46110
709652
744260
290391
566606
211333
252203
558062
149021
281273
155613
173953
657434
18154
65868
217748
728585
170519
57114
507605
650782
186563
386423
210980
69800
10634
138995
946222
934641
583990
1555
389385
112554
150171
32288
241293
48634
177676
12903
72997
785710
32022
71482
248172
665445
24129
90249
391199
249101
109176
114543
18211
309055
6071
669
582829
321201
375874
199566
87798
575723
66528
35434
547572
613966
173787
512791
212817
653694
208976
72244
706984
960940
285259
227171
50398
819724
13133
49454
758173
858188
184338
96615
941147
820593
882986
38328
124352
310069
1037
7357
361182
725887
191503
142306
667602
768569
449642
534888
333989
535940
9388
329909
240357
578556
22853
20629
955621
930882
149575
653644
844602
744189
555408
693377
4423
642905
1222
3208
576024
625886
132060
509821
406401
262877
117630
259945
111356
734750
12745
95307
779057
518881
717978
136359
615574
379801
561537
226503
404487
948621
273462
360437
923651
643936
703388
662941
67959
68810
67453
19370
765812
382007
608566
344314
40660
804251
35792
36386
380615
343160
98247
56918
720329
510954
710653
278731
85615
730025
37632
22372
611490
621455
602286
489975
39381
46180
11229
32087
829077
957993
817427
756979
32629
912909
10265
28539
803604
236233
35509
23419
925579
722329
674975
95139
916749
853683
329732
278697
601824
8781
190361
180302
586811
806656
136689
334508
55433
99874
36371
29522
414349
340570
198122
402255
41021
29520
17039
28430
423699
690818
171768
232383
957978
86101
463205
704813
591401
394783
111481
324681
43521
562231
7198
19436
459903
126648
52234
3687
65417
763425
56766
29705
768884
807505
565463
657638
24415
152870
12291
10685
128851
316015
84179
124490
553398
873716
299255
531682
120119
416425
71344
46219
599902
730505
351003
171779
112080
181162
60749
56754
919624
898934
61712
876709
375403
889681
363587
173403
104449
775708
19425
353
348729
924702
238184
224361
47146
13482
11568
28438
754565
308659
675237
582884
484471
20360
436673
164953
797271
776178
176988
314419
549188
902083
142778
327726
310575
459305
267053
226451
977501
87966
49198
351195
593933
950209
224980
552900
81920
468292
5574
38161
746006
370315
158778
295582
442462
560407
307933
410086
670517
180650
174220
273687
307216
839150
290159
301844
560352
88296
52667
253957
343135
715713
99758
251360
383833
553773
189796
55012
683753
519872
471679
83832
223510
441983
162101
150211
8005
188827
2455
5722
384090
548124
293198
15784
920240
498237
919877
801463
918306
220473
728186
155406
567250
500888
395796
330483
638006
732601
378201
622969
364402
835926
244868
190388
481716
968709
29196
299255
927895
451876
427535
547158
388721
989829
376075
264738
7013
106688
4490
1753
739428
388398
279967
220556
731171
365054
182264
327525
253058
436559
28262
167360
8523
332824
5309
2893
151869
710884
74404
109885
829229
989387
799330
182789
783829
706385
77863
575812
562149
244508
409644
470762
861634
896110
521412
764828
209159
647012
36371
168693
565044
358550
35207
440737
358595
986944
194802
166037
153397
456381
36054
60705
955456
647586
917170
245297
7789
759380
4619
2274
360568
895742
163439
60034
54063
7547
16422
45595
158544
234324
92081
136317
247849
112374
45446
228793
101974
736456
7931
19862
400188
707185
142063
121944
108609
411196
39054
28410
292909
252491
43606
32282
913867
984870
896664
631715
488550
496973
144529
385180
822963
151657
786945
318530
283327
982960
169617
151306
195700
799526
157321
140974
684959
710610
404287
151409
94568
445530
90696
68794
480213
665238
3026
273652
265333
372576
141896
207604
27036
861788
1166
12908
283374
674714
234007
241220
635985
720936
605755
161303
518210
534861
33051
234977
644470
583757
137491
289670
199640
755683
176830
48049
417121
55470
210731
72392
316825
215975
139217
127505
324766
399504
113811
237641
700574
243130
554153
289151
84085
411855
29911
19357
485477
813973
182034
184629
756939
306789
10575
656768
669887
382435
430880
565873
183125
704222
25692
9672
265246
779561
49307
187096
810095
47467
381152
130617
184834
234812
145921
1496
755279
933953
591743
78191
869161
562242
366256
52872
602704
154803
490188
92931
241560
488425
22966
9622
627906
32145
431281
128070
315177
547344
179721
284274
335208
517935
141592
26780
879291
970813
705050
845203
906764
481494
315410
142157
656177
103232
111735
134731
4322
733125
33
2297
744244
739238
662670
724605
238500
358802
30772
127204
466711
195860
254246
291815
442940
875686
57894
271104
22556
512618
10233
17850
18151
846519
16234
6440
442637
574594
289187
402425
520588
909391
276730
204550
447551
180658
25614
27284
688023
555591
72182
682609
533247
299418
376724
217187
498637
124208
388799
364771
138573
567873
47003
122983
110393
409565
12113
84528
700127
361201
8667
720
782741
558219
514772
124225
478371
88756
211950
259157
860228
175480
593144
194353
674309
128626
10886
289113
371810
322458
67390
343282
223535
207157
89082
125453
578081
513319
208262
221202
900800
938942
463385
481397
918201
880632
122073
5645
286870
292660
73925
49031
907240
214642
117143
859550
576490
199120
5849
506479
151764
862873
47640
67101
777312
174096
387547
602718
660959
690004
491514
125688
634280
352846
488999
627840
17141
379770
3096
13575
232778
466550
103901
12777
811734
421692
535832
128934
251134
172467
86384
221284
754983
993662
108658
438929
715779
742801
309184
398821
813985
775116
427568
428771
956007
388108
268837
191100
436032
981163
103267
176048
468305
233638
281134
390030
134117
89749
6935
50777
226595
538504
136416
114985
116092
781089
32115
108180
654567
224596
455766
212001
345145
271942
15314
200635
783748
865104
327011
5928
940585
665197
643863
298015
71697
989099
68088
61626
151488
39620
24047
83994
882541
865806
617589
119005
42209
856238
6951
7035
898592
860969
646646
541018
889425
615634
92760
504780
65624
248364
49713
39543
683525
901728
431771
378660
305063
73641
180594
30924
389885
946426
175927
202677
820481
594000
262926
639813
39349
581357
27398
11678
751907
385960
45775
739741
76697
739033
60535
27373
670488
197003
300718
392818
304921
631169
13975
229537
256004
902066
210837
120650
200825
521523
64848
166864
134848
517837
45448
39741
472207
462418
33680
6631
235540
404282
209878
4789
789601
574197
275140
144747
661743
802103
420043
319604
545741
998168
377827
24001
646923
749323
617099
44091
445100
326395
129961
78597
388558
342038
287552
203053
628396
245611
326056
608846
518962
185825
335168
314011
431023
555297
271384
378173
206312
678798
76447
61641
675907
788565
587327
412564
570172
227603
168892
208286
887079
692366
75226
372384
664618
691224
278668
115963
702768
331415
298713
573239
819699
12470
387713
113705
275688
694762
29570
245972
900392
857501
710616
148592
28148
564656
14004
12067
463026
116580
318699
377097
595246
469012
538995
543414
646937
223014
417594
174098
940923
366664
552119
821465
758804
797866
522259
180758
192861
798654
38423
114598
512487
940496
447927
154585
199179
180589
24316
13562
711927
317469
89842
379982
403415
573902
90975
79476
103103
848806
11189
89092
835128
484018
776456
615859
594932
731440
253555
99416
222990
691670
25425
121412
223414
207907
149196
82082
532694
648379
209922
39572
342979
465948
161446
40732
626109
738960
442316
624723
414286
660265
149579
407692
184874
81521
71465
13040
26538
138430
8083
21786
55042
666536
53592
6750
707546
764314
228768
63720
395008
603381
40288
394592
24868
713544
4681
1517
27405
647654
10458
7277
565916
263758
67618
376985
529036
998145
309994
385660
264102
535971
27242
125400
949462
77709
543127
704460
175029
12015
25510
127301
605610
276691
21092
396262
366822
441216
69120
293767
772504
878334
687098
250692
347047
339616
66219
151439
432981
57494
266309
104869
425895
127675
375539
157078
506598
851000
364989
319703
214583
24224
198424
37670
965428
496887
791315
268378
709704
620112
681847
246539
646901
131147
608451
163856
382358
407649
275542
274164
68517
491003
38903
43078
456577
357464
159170
342561
239207
183946
14360
27640
917822
52323
103199
719777
427875
937485
85017
261524
960109
41961
117633
43582
578460
218176
351177
483414
865058
745782
491663
586861
178297
505409
61015
159689
688674
917658
569957
429352
934314
479419
254484
179405
321672
158254
312789
266121
451
546025
105
329
850931
814737
760201
178565
203381
5208
53717
115941
906029
739907
373924
673652
308665
292066
483
149913
581239
605694
187492
20794
299295
850944
203590
173930
839187
398465
549458
22949
251674
444330
22437
34431
455576
312114
198618
156484
39405
232012
11117
3460
963212
125289
518587
621050
656152
66276
46863
483296
193729
738700
27290
47134
582586
164624
324019
139094
525292
75774
518794
77432
571528
554769
63359
307801
261696
268750
29916
154000
974293
784397
25315
968362
886475
41872
139152
299485
990500
982946
897306
380494
847756
845693
650652
288105
692269
946560
605360
135866
721586
1768
76179
305555
110150
115108
4970
103598
804023
39654
41653
431522
837318
22563
677103
409155
174566
926535
73273
44590
23845
52876
5347
13015
656449
904355
157887
78731
27870
997612
20926
2260
384633
134078
381091
136577
112670
319467
54185
91301
940148
550621
166743
520113
3357
609213
2265
3208
101054
237713
75447
28157
918130
556237
318472
912065
80417
835994
28706
27497
396637
411276
126990
260504
161191
619844
119428
123885
708857
155882
126831
374926
753645
2520
255491
350706
352315
866526
63249
73528
201219
264389
135895
113115
27519
569727
15098
543
669851
547609
478027
507451
679036
521594
407849
653276
337904
762220
57206
299797
609675
886393
456847
272967
861467
356829
652244
442063
694742
418891
157694
38019
718213
810977
491838
577549
305327
740389
63520
223848
757508
451187
542691
582875
495560
509474
321975
186982
39503
153529
25712
30047
494715
271299
337446
192312
792858
166419
141326
582235
443224
697618
61697
154329
199293
724296
48147
63292
176363
944223
162611
67810
383403
456312
2703
280066
554181
818096
117216
392544
755906
98501
695959
596824
565742
304624
156610
240566
246980
575086
196201
125353
137238
220848
107245
3215
488164
317883
279936
330805
929390
727755
758444
790574
350349
349834
228424
323012
926881
175452
370508
562054
38573
541324
15028
32110
4204
97697
517
2187
322237
76457
51671
311655
153800
159936
30005
81241
645983
595386
1229
97586
935940
197626
591617
778542
767133
907129
626212
149434
237633
737040
103713
55545
526895
511910
453882
460885
772784
946213
375285
583258
735432
629518
234592
707675
597736
89937
253337
247128
181922
60927
17963
143088
22812
905991
4249
2258
406743
753472
260500
349164
871729
869106
217376
725219
467558
249146
232691
175926
983217
917129
564247
892762
243672
450027
229656
117005
231049
279704
150307
20527
721983
996093
30218
404906
424826
947710
22522
284374
181373
482704
58538
98047
531407
75838
19387
192932
81244
785217
51563
30777
478109
645446
335650
453482
3379
958715
2647
2171
266965
442635
187506
150071
119917
382334
7745
111349
395417
25482
267933
159323
694582
176332
632727
422131
389051
668774
358947
116215
598139
618972
226426
76882
834111
141172
375875
621412
878366
965468
848571
228463
515329
790623
27022
238604
806646
392496
642018
143022
476636
84869
452560
178143
226293
771647
109641
215776
977871
729190
578532
158039
704178
832172
501590
124250
137780
4649
78434
33092
348452
289465
314713
236359
50726
541321
47762
40743
584418
469391
429355
50224
420496
28892
62126
114804
46764
357715
28762
36475
777610
548008
41632
326019
681958
490385
234108
331514
593868
944741
42267
501957
403577
935842
197116
59229
840028
590634
30134
510153
762848
814109
392093
468238
59139
520107
52761
57791
119780
669170
101431
104555
343175
36558
176745
12717
634263
741584
13015
172564
117070
227824
85066
41421
5237
253537
460
1746
945088
567292
826427
918471
132107
597464
121938
111811
871317
801378
452985
468541
643265
208291
288240
379714
241964
491093
211848
224080
256517
700932
68142
163458
665832
329532
165157
435105
105583
564290
43517
48930
542534
164725
102995
141436
349568
78826
39423
34187
724056
66928
645514
627963
249887
211469
240418
74716
365669
194147
113002
123017
922891
707642
712404
365011
93943
211358
9802
81169
640339
441179
507520
528310
815950
699664
742894
336454
693595
686868
21628
397740
60656
435197
41541
12298
255111
207777
248500
142089
453565
851895
262586
17702
89444
530835
24395
16870
771609
6104
467385
22414
205926
400518
4653
192067
998423
629703
365949
10730
681720
808507
650169
658241
601593
988992
45922
449211
9237
738315
4081
5496
944758
797714
871408
708482
976781
569025
726851
107654
11895
654298
27
4801
636950
3395
413770
526245
463293
516158
97646
201509
489067
809783
344700
351676
89875
888762
20975
11617
57318
609847
8957
37624
504296
879378
437358
462349
584346
696513
396244
73554
144705
953508
23013
70033
127201
326558
113305
77627
183555
344338
121135
159714
515372
405079
164329
326631
830995
832078
546320
777202
208203
405608
85498
201161
545902
212318
296613
134324
652924
304133
343207
246070
846818
141634
186319
75649
959825
136818
876122
554217
255817
134860
134374
241960
113434
279325
95193
52785
512446
337946
445798
102260
122352
93210
55495
72171
858418
183842
185406
670087
444309
543505
406973
293162
363543
215320
43045
220387
343984
941205
37291
214134
453631
661949
432445
304815
514875
38479
400262
127119
995673
890080
294059
629068
844598
666278
351057
551061
639366
782682
195274
7707
88547
511618
17682
16351
884067
783036
829898
211675
3473
371388
1419
37
449748
768083
47862
271405
717818
768387
164331
1930
257636
904958
224143
146534
744572
840156
654301
368553
9626
736745
2128
3993
651404
775673
488595
166441
230295
135719
91607
29461
820543
451287
373033
103696
397340
733093
115120
119737
565555
771076
44223
405858
657713
880161
116878
312187
747648
69062
549327
575895
876600
268613
461478
107835
71365
960340
70491
63897
730563
301354
277471
583756
935336
505672
730731
161675
390633
418403
14522
140181
243320
455595
94806
202320
136809
726367
75065
2270
604470
267522
59510
205200
31635
827488
17174
22176
336669
582105
43622
186633
223918
293897
84712
220037
810337
998702
82175
764412
793530
184981
274813
17530
755824
774625
387183
405702
418908
699429
394491
407941
162540
208378
150728
160831
10474
378555
3412
5265
346364
116749
241920
187708
456522
961136
67655
447667
9823
620508
3663
3506
744022
148580
406336
97553
395902
991015
15855
367780
345609
513333
312801
227892
891483
85435
327962
623463
902209
724559
875753
42112
60759
435690
525
51493
563674
886489
423363
454332
322872
601826
261366
45337
331424
601776
177694
5343
389924
130409
30270
228833
255218
589805
205590
20887
124834
201957
53814
52173
687374
857412
75580
246849
152037
775393
9466
70034
306208
280717
197947
62738
726888
305815
339696
444000
924402
347324
776750
94025
917042
228812
244934
850663
498580
109120
332474
211244
54044
281416
48336
865
390439
832704
390401
371178
716611
610951
648141
557302
93262
767108
12264
81221
754390
770549
473089
151600
875153
229211
8462
139761
230814
782135
113458
2943
199041
751957
45999
126498
968643
989691
27987
392811
661557
286656
363440
185217
855485
473791
355986
616088
205560
106106
80707
27297
14707
354463
911
992
125602
205493
104694
110689
429351
646797
126843
285578
797717
552877
196483
447418
520551
247053
350463
51680
341549
77866
141197
220427
709695
919370
518036
214561
204519
770357
132861
155753
459156
19164
303106
407305
175823
476742
124512
126053
13945
858040
1969
6806
916758
293018
256703
650774
920282
882924
117814
723514
711354
258552
400786
308628
694819
706632
645075
353760
172602
618513
22432
120613
686113
187459
555230
160287
485696
218586
219376
485435
68418
888535
23814
49693
120375
811580
54831
112974
808904
643315
168262
714754
731518
221477
48518
474732
319467
535892
262809
191556
557381
265432
420866
154291
136815
390611
126763
25043
731455
722006
544241
63700
749010
673103
206802
719233
304548
138868
156602
118783
706704
930172
126429
33725
427005
858659
352672
388740
281979
509674
91731
87037
962352
146765
534632
21841
689443
11112
393278
367030
870810
195301
366263
863843
73760
711186
28584
21495
907463
999641
348179
412298
469882
984618
418693
296912
422277
254821
153500
198368
688779
302887
414403
243044
312480
512561
139158
17351
158639
786533
127854
95006
864702
203736
251776
551997
173810
307711
127891
40070
525101
314910
242539
397118
19349
73941
12915
13546
856850
686192
732649
675329
833151
322017
576038
341436
297735
534727
4374
169079
119150
861688
87686
96559
987247
357079
611597
457794
804541
945961
735316
600339
677070
698565
634028
650457
535717
273903
324231
313745
250672
383824
209253
177328
671521
877719
78618
72160
103737
828137
21450
54323
340841
920774
183610
175351
30986
74662
27400
30797
483191
650785
456366
101845
40337
485218
4818
8530
34052
934478
6730
5363
649162
20918
34788
413545
916145
931767
620870
488409
502327
657219
325444
103133
511592
11346
27003
7767
736868
174500
735218
605432
404711
709257
202969
288265
551975
310271
462184
433941
761704
556384
43910
747373
297407
516099
6041
37656
729527
550407
684505
154113
630912
59266
307051
430805
300497
248076
77781
162184
596313
866095
443357
151040
647168
287575
8206
377735
19210
262955
9511
12628
704974
151222
427849
566623
774452
77638
133557
730522
905564
407447
399388
258544
161310
707924
43420
119828
135648
715171
54005
42179
246644
322291
32009
231235
381858
177951
314782
245600
552189
877904
300922
361965
303754
908002
4233
186623
488515
983514
73160
91378
249633
512035
100179
110430
415563
288481
378537
243726
440653
107353
296534
342461
507698
948060
72315
441520
868512
507454
251919
371176
272120
295028
166104
39477
502445
952388
399240
374382
459931
227280
164858
214870
723538
30999
720041
345924
104358
354289
2610
98689
879567
834236
371513
242936
760676
913760
76430
185888
428220
304781
412916
142563
341936
242182
200054
142709
488864
262347
391258
45002
445291
272711
63552
250131
324472
907625
109495
170867
861030
735762
790035
397013
119901
965921
12929
103619
920943
920971
62314
917760
788914
29219
135250
210049
422155
839152
165559
41315
503495
136495
103432
316943
935187
877453
244010
740153
998865
441934
421575
807134
198035
773358
40372
146703
290793
368049
90022
236435
449631
719605
283804
269010
706281
813655
190734
506298
787502
428629
1712
471709
44330
509496
17432
27537
807683
102887
190967
142660
621878
926842
562667
493973
457851
221353
63403
367868
507340
476607
214253
304422
215934
199789
39718
120232
506233
353015
216519
380275
686947
772745
534794
321112
724941
300519
377492
210648
481544
519959
438444
473719
606768
815512
580042
368974
782447
590340
418990
464843
813029
267279
320585
340757
660105
396688
283062
76443
720647
565979
194757
344339
213826
90473
201160
5748
36563
41504
20293
35343
555724
208714
21226
315423
