10
10
533325362 73095813 533767117 9144230 94796021 726108100 777800272 125199108 920450315 813883801
89
857435273 285817839 483819889 887664515 15573732 462628883 347245990 119801715 397313549 863374318 862327718 832739701 620410736 825459449 191717559 690191173 652023024 780478632 439294655 855046746 254226358 426468650 318569083 773568660 354119466 878827470 999975860 309521694 968147386 625549015 687694557 298161364 342129119 454517494 258191697 340298400 944584218 44269936 630456176 12184480 898528589 115257465 381821317 969192760 255712969 611469718 482277806 168194538 513243762 434365040 339795716 423792366 576939393 230963462 648803808 724378917 600580325 728098608 219146064 730615358 110033353 331168737 590377488 692250216 345406381 579928041 851126230 151150097 592187220 311782963 496665827 413882725 694830686 488541381 378574015 665918324 549426512 280943886 317871751 624654190 929096309 268895434 184107691 93631740 155618564 401156533 242626543 13928251 426386004
1
871291867
20
9492519 13104412 47761921 2109635 22439309 49588404 9844853 13118390 26226467 50004040 56137713 725869677 75066047 822904652 860662319 288557636 576655450 200498547 462537844 870586942
20
47769347 41521869 44625901 39256373 43720980 39466889 34214371 35548534 45378340 32429435 551875547 502220391 451466074 50879662 57518541 132556432 357547626 770564680 412103082 52528506
9
897170036 430516407 796101539 226310342 959429964 943812032 848668702 164727939 430220881
9
510023800 441250351 411784476 468422262 774094244 479098747 703780371 404050522 402136391
10
621467025 349021278 601782713 248025411 49491074 316783866 168350401 527913220 978227437 122480316
87
15201636 4505846 43933481 48741284 24515589 45513054 8359387 19926621 45734234 22288377 18444499 23918260 41911887 30424371 15446248 14619822 4859687 5811422 17179229 2139919 27803855 38637990 27436040 35673407 37190879 25485636 49417130 38405172 17071865 4504034 26590034 20442046 41385014 16858493 26417727 6341929 19077088 31745192 27868167 28702869 30190202 50001375 35262733 9341330 44288057 43779291 22848261 30303108 22235736 41436207 10376295 35046958 12378736 36510105 48304494 33365717 7669718 37994751 31990470 14678338 9009874 7442813 4665614 2127215 23183427 45550084 49699852 46010323 50005593 5058199 23516021 22582803 31413685 38216886 35194934 45124296 1233282 50006871 33094663 36334291 44020121 19076565 11050476 610188 40578418 49719624 39773707
90
11843996 15297077 17044255 25080452 25554249 30360212 40755757 51598656 62139857 66252609 72415437 80410627 85677158 88646507 99631236 102310388 107364044 107459563 109352002 115164261 119022045 119245392 122100829 127890795 129914527 140933030 149360810 151699670 160167077 161296457 169873991 177422878 182460683 191986452 194579888 204606217 204647883 206673619 209252671 214022501 218368121 227868880 233329076 238575883 242513808 248012524 258041436 268100477 277258752 280318013 287155809 287820497 289628637 296845800 307346002 313891713 321043356 323556944 324133678 329709122 330409142 332481234 336194054 341390750 351062837 357723997 365521080 366120437 366889688 374396491 383076374 384014114 394592986 403859335 408189295 416410593 424201386 434075480 443460868 449187033 450911816 459369871 469226927 480075575 487269777 491887128 496358261 505463187 510299823 516474866
